{
 "cells": [
  {
   "cell_type": "code",
   "execution_count": 2,
   "metadata": {},
   "outputs": [
    {
     "name": "stdout",
     "output_type": "stream",
     "text": [
      "[1 2 3]\n"
     ]
    }
   ],
   "source": [
    "import numpy as np\n",
    "\n",
    "# Create a 1D array\n",
    "\n",
    "arr1 = np.array([1,2,3])\n",
    "\n",
    "print(arr1)"
   ]
  },
  {
   "cell_type": "code",
   "execution_count": 3,
   "metadata": {},
   "outputs": [
    {
     "name": "stdout",
     "output_type": "stream",
     "text": [
      "<class 'numpy.ndarray'>\n"
     ]
    }
   ],
   "source": [
    "# check the array\n",
    "\n",
    "print(type(arr1))"
   ]
  },
  {
   "cell_type": "code",
   "execution_count": 4,
   "metadata": {},
   "outputs": [
    {
     "name": "stdout",
     "output_type": "stream",
     "text": [
      "(3,)\n"
     ]
    }
   ],
   "source": [
    "# Check the shape of the array\n",
    "\n",
    "print(arr1.shape)"
   ]
  },
  {
   "cell_type": "code",
   "execution_count": 5,
   "metadata": {},
   "outputs": [
    {
     "data": {
      "text/plain": [
       "3"
      ]
     },
     "execution_count": 5,
     "metadata": {},
     "output_type": "execute_result"
    }
   ],
   "source": [
    "# accessing elements from the array\n",
    "\n",
    "arr1[2]"
   ]
  },
  {
   "cell_type": "code",
   "execution_count": 6,
   "metadata": {
    "collapsed": true
   },
   "outputs": [],
   "source": [
    "# Change an element from the array\n",
    "\n",
    "arr1[2]= 5"
   ]
  },
  {
   "cell_type": "code",
   "execution_count": 7,
   "metadata": {},
   "outputs": [
    {
     "data": {
      "text/plain": [
       "array([1, 2, 5])"
      ]
     },
     "execution_count": 7,
     "metadata": {},
     "output_type": "execute_result"
    }
   ],
   "source": [
    "arr1"
   ]
  },
  {
   "cell_type": "code",
   "execution_count": 8,
   "metadata": {},
   "outputs": [
    {
     "name": "stdout",
     "output_type": "stream",
     "text": [
      "[[1 2 3]\n",
      " [4 5 6]]\n"
     ]
    }
   ],
   "source": [
    "# Create a 2D array\n",
    "\n",
    "arr2 = np.array([[1,2,3], [4,5,6]])\n",
    "print(arr2)"
   ]
  },
  {
   "cell_type": "code",
   "execution_count": 9,
   "metadata": {},
   "outputs": [
    {
     "name": "stdout",
     "output_type": "stream",
     "text": [
      "The shape is 2 rows and 3 columns: (2, 3)\n"
     ]
    }
   ],
   "source": [
    "# Check the shape of the array\n",
    "\n",
    "print(\"The shape is 2 rows and 3 columns:\", arr2.shape)"
   ]
  },
  {
   "cell_type": "code",
   "execution_count": 10,
   "metadata": {},
   "outputs": [
    {
     "data": {
      "text/plain": [
       "3"
      ]
     },
     "execution_count": 10,
     "metadata": {},
     "output_type": "execute_result"
    }
   ],
   "source": [
    "# Accessing elements from the array\n",
    "\n",
    "arr2[0][2]"
   ]
  },
  {
   "cell_type": "code",
   "execution_count": 11,
   "metadata": {},
   "outputs": [
    {
     "data": {
      "text/plain": [
       "3"
      ]
     },
     "execution_count": 11,
     "metadata": {},
     "output_type": "execute_result"
    }
   ],
   "source": [
    "arr2[0,2]"
   ]
  },
  {
   "cell_type": "code",
   "execution_count": 12,
   "metadata": {},
   "outputs": [
    {
     "data": {
      "text/plain": [
       "2"
      ]
     },
     "execution_count": 12,
     "metadata": {},
     "output_type": "execute_result"
    }
   ],
   "source": [
    "arr2[0,-2]"
   ]
  },
  {
   "cell_type": "code",
   "execution_count": 13,
   "metadata": {},
   "outputs": [
    {
     "data": {
      "text/plain": [
       "3"
      ]
     },
     "execution_count": 13,
     "metadata": {},
     "output_type": "execute_result"
    }
   ],
   "source": [
    "arr2[0,-1]"
   ]
  },
  {
   "cell_type": "code",
   "execution_count": 14,
   "metadata": {},
   "outputs": [
    {
     "data": {
      "text/plain": [
       "4"
      ]
     },
     "execution_count": 14,
     "metadata": {},
     "output_type": "execute_result"
    }
   ],
   "source": [
    "arr2[-1, 0]"
   ]
  },
  {
   "cell_type": "code",
   "execution_count": 15,
   "metadata": {},
   "outputs": [
    {
     "name": "stdout",
     "output_type": "stream",
     "text": [
      "['India' 'China' 'USA' 'Mexico']\n"
     ]
    }
   ],
   "source": [
    "# Array of type string\n",
    "\n",
    "arr3 = np.array(['India', 'China', 'USA' , 'Mexico'])\n",
    "print(arr3)"
   ]
  },
  {
   "cell_type": "code",
   "execution_count": 16,
   "metadata": {},
   "outputs": [
    {
     "data": {
      "text/plain": [
       "'China'"
      ]
     },
     "execution_count": 16,
     "metadata": {},
     "output_type": "execute_result"
    }
   ],
   "source": [
    "arr3[1]"
   ]
  },
  {
   "cell_type": "code",
   "execution_count": 17,
   "metadata": {},
   "outputs": [
    {
     "name": "stdout",
     "output_type": "stream",
     "text": [
      "[ 0  2  4  6  8 10 12 14 16 18]\n"
     ]
    }
   ],
   "source": [
    "# Array of evenly spaced values within a specified interval\n",
    "\n",
    "arr = np.arange(0, 20, 2)\n",
    "print(arr)"
   ]
  },
  {
   "cell_type": "code",
   "execution_count": 18,
   "metadata": {},
   "outputs": [
    {
     "name": "stdout",
     "output_type": "stream",
     "text": [
      "[ 0.          0.52631579  1.05263158  1.57894737  2.10526316  2.63157895\n",
      "  3.15789474  3.68421053  4.21052632  4.73684211  5.26315789  5.78947368\n",
      "  6.31578947  6.84210526  7.36842105  7.89473684  8.42105263  8.94736842\n",
      "  9.47368421 10.        ]\n"
     ]
    }
   ],
   "source": [
    "# Array of evenly spaced number in a specified interval\n",
    "\n",
    "arr = np.linspace(0, 10, 20)\n",
    "print(arr)"
   ]
  },
  {
   "cell_type": "code",
   "execution_count": 19,
   "metadata": {},
   "outputs": [
    {
     "name": "stdout",
     "output_type": "stream",
     "text": [
      "[0.1392098  0.83698099 0.68316339 0.89007915 0.63360623 0.09798634\n",
      " 0.79675009 0.4227871  0.7022205  0.42574999]\n",
      "\n",
      "\n",
      "[[0.11266553 0.90551118 0.05616417 0.95122541]\n",
      " [0.93066177 0.95395431 0.21902002 0.05484626]\n",
      " [0.40629795 0.81374341 0.0976142  0.8474203 ]]\n"
     ]
    }
   ],
   "source": [
    "# Array of random values between 0 and 1 in a given shape\n",
    "\n",
    "arr = np.random.rand(10)\n",
    "print(arr)\n",
    "print('\\n')\n",
    "arr = np.random.rand(3,4)\n",
    "print(arr)"
   ]
  },
  {
   "cell_type": "code",
   "execution_count": 20,
   "metadata": {},
   "outputs": [
    {
     "name": "stdout",
     "output_type": "stream",
     "text": [
      "[0. 0. 0. 0. 0. 0. 0. 0. 0. 0.]\n",
      "\n",
      "\n",
      "[[0. 0. 0.]\n",
      " [0. 0. 0.]]\n"
     ]
    }
   ],
   "source": [
    "# Array of zeros\n",
    "\n",
    "print(np.zeros(10))\n",
    "print('\\n')\n",
    "print(np.zeros((2,3)))"
   ]
  },
  {
   "cell_type": "code",
   "execution_count": 21,
   "metadata": {},
   "outputs": [
    {
     "name": "stdout",
     "output_type": "stream",
     "text": [
      "[[1. 1. 1. 1.]\n",
      " [1. 1. 1. 1.]\n",
      " [1. 1. 1. 1.]]\n"
     ]
    }
   ],
   "source": [
    "print(np.ones((3,4)))"
   ]
  },
  {
   "cell_type": "code",
   "execution_count": 22,
   "metadata": {},
   "outputs": [
    {
     "name": "stdout",
     "output_type": "stream",
     "text": [
      "[[10 10 10 10 10 10]\n",
      " [10 10 10 10 10 10]\n",
      " [10 10 10 10 10 10]\n",
      " [10 10 10 10 10 10]]\n"
     ]
    }
   ],
   "source": [
    "# Array of constant values in a given shape\n",
    "\n",
    "print(np.full((4,6),10))"
   ]
  },
  {
   "cell_type": "code",
   "execution_count": 23,
   "metadata": {},
   "outputs": [
    {
     "name": "stdout",
     "output_type": "stream",
     "text": [
      "[0 0 0 1 1 1 2 2 2]\n"
     ]
    }
   ],
   "source": [
    "# Create an array by repetition\n",
    "# epeat each element of an array by a specified number of times\n",
    "\n",
    "arr = [0, 1, 2]\n",
    "print(np.repeat(arr, 3)) "
   ]
  },
  {
   "cell_type": "code",
   "execution_count": 24,
   "metadata": {},
   "outputs": [
    {
     "name": "stdout",
     "output_type": "stream",
     "text": [
      "[0 1 2 0 1 2 0 1 2]\n"
     ]
    }
   ],
   "source": [
    "# Repeat an array by a specified number of times\n",
    "\n",
    "arr = [0, 1, 2]\n",
    "print(np.tile(arr, 3))"
   ]
  },
  {
   "cell_type": "code",
   "execution_count": 25,
   "metadata": {},
   "outputs": [
    {
     "name": "stdout",
     "output_type": "stream",
     "text": [
      "[[1. 0. 0.]\n",
      " [0. 1. 0.]\n",
      " [0. 0. 1.]]\n"
     ]
    }
   ],
   "source": [
    "# Create an idenity matrix\n",
    "\n",
    "identity_matrix = np.eye(3)\n",
    "print(identity_matrix)"
   ]
  },
  {
   "cell_type": "code",
   "execution_count": 26,
   "metadata": {},
   "outputs": [
    {
     "name": "stdout",
     "output_type": "stream",
     "text": [
      "[[1. 0. 0.]\n",
      " [0. 1. 0.]\n",
      " [0. 0. 1.]]\n"
     ]
    }
   ],
   "source": [
    "identity_matrix = np.identity(3)\n",
    "print(identity_matrix)"
   ]
  },
  {
   "cell_type": "code",
   "execution_count": 27,
   "metadata": {},
   "outputs": [
    {
     "name": "stdout",
     "output_type": "stream",
     "text": [
      "[[1 0 0 0 0]\n",
      " [0 2 0 0 0]\n",
      " [0 0 3 0 0]\n",
      " [0 0 0 4 0]\n",
      " [0 0 0 0 5]]\n"
     ]
    }
   ],
   "source": [
    "# Create a matrix with a specified diagonal array\n",
    "\n",
    "arr = np.diag([1,2,3,4,5])\n",
    "print(arr)"
   ]
  },
  {
   "cell_type": "code",
   "execution_count": 28,
   "metadata": {},
   "outputs": [
    {
     "name": "stdout",
     "output_type": "stream",
     "text": [
      "[[0.64369883 0.3601157  0.00429396 0.27151001 0.49048325]\n",
      " [0.03063554 0.80215512 0.87570363 0.95146256 0.02927559]\n",
      " [0.60124132 0.99773664 0.68247255 0.87779774 0.13177439]\n",
      " [0.42717673 0.29937041 0.44227719 0.22772854 0.36199309]\n",
      " [0.48954527 0.45206959 0.67265616 0.19287145 0.57323525]]\n"
     ]
    }
   ],
   "source": [
    "arr = np.random.rand(5,5)\n",
    "print(arr)"
   ]
  },
  {
   "cell_type": "code",
   "execution_count": 29,
   "metadata": {},
   "outputs": [
    {
     "name": "stdout",
     "output_type": "stream",
     "text": [
      "[0.64369883 0.80215512 0.68247255 0.22772854 0.57323525]\n"
     ]
    }
   ],
   "source": [
    "# Extract the diagonal elements in the array\n",
    "print(np.diag(arr))"
   ]
  },
  {
   "cell_type": "code",
   "execution_count": 30,
   "metadata": {},
   "outputs": [
    {
     "name": "stdout",
     "output_type": "stream",
     "text": [
      "5\n"
     ]
    }
   ],
   "source": [
    "# Display the length of the array\n",
    "print(len(arr))"
   ]
  },
  {
   "cell_type": "code",
   "execution_count": 31,
   "metadata": {},
   "outputs": [
    {
     "name": "stdout",
     "output_type": "stream",
     "text": [
      "2\n"
     ]
    }
   ],
   "source": [
    "# Display the dimension of the array\n",
    "print(arr.ndim)"
   ]
  },
  {
   "cell_type": "code",
   "execution_count": 32,
   "metadata": {},
   "outputs": [
    {
     "name": "stdout",
     "output_type": "stream",
     "text": [
      "25\n"
     ]
    }
   ],
   "source": [
    "# Display the size of the elements\n",
    "print(arr.size)"
   ]
  },
  {
   "cell_type": "code",
   "execution_count": 33,
   "metadata": {},
   "outputs": [
    {
     "name": "stdout",
     "output_type": "stream",
     "text": [
      "[ 7 -1 -4 -1]\n"
     ]
    }
   ],
   "source": [
    "# print 4 random integers\n",
    "\n",
    "print(np.random.randint(-10, 10, 4))"
   ]
  },
  {
   "cell_type": "code",
   "execution_count": 34,
   "metadata": {},
   "outputs": [
    {
     "name": "stdout",
     "output_type": "stream",
     "text": [
      "[[10.64369883 10.3601157  10.00429396 10.27151001 10.49048325]\n",
      " [10.03063554 10.80215512 10.87570363 10.95146256 10.02927559]\n",
      " [10.60124132 10.99773664 10.68247255 10.87779774 10.13177439]\n",
      " [10.42717673 10.29937041 10.44227719 10.22772854 10.36199309]\n",
      " [10.48954527 10.45206959 10.67265616 10.19287145 10.57323525]]\n",
      "\n",
      "\n",
      "[[-9.35630117 -9.6398843  -9.99570604 -9.72848999 -9.50951675]\n",
      " [-9.96936446 -9.19784488 -9.12429637 -9.04853744 -9.97072441]\n",
      " [-9.39875868 -9.00226336 -9.31752745 -9.12220226 -9.86822561]\n",
      " [-9.57282327 -9.70062959 -9.55772281 -9.77227146 -9.63800691]\n",
      " [-9.51045473 -9.54793041 -9.32734384 -9.80712855 -9.42676475]]\n",
      "\n",
      "\n",
      "[[6.4369883  3.60115698 0.04293959 2.71510011 4.90483246]\n",
      " [0.30635537 8.02155116 8.75703626 9.5146256  0.29275586]\n",
      " [6.01241323 9.97736644 6.8247255  8.77797743 1.31774391]\n",
      " [4.27176732 2.99370414 4.42277191 2.27728536 3.61993092]\n",
      " [4.89545275 4.52069587 6.72656164 1.92871448 5.73235255]]\n",
      "\n",
      "\n",
      "[[0.06436988 0.03601157 0.0004294  0.027151   0.04904832]\n",
      " [0.00306355 0.08021551 0.08757036 0.09514626 0.00292756]\n",
      " [0.06012413 0.09977366 0.06824726 0.08777977 0.01317744]\n",
      " [0.04271767 0.02993704 0.04422772 0.02277285 0.03619931]\n",
      " [0.04895453 0.04520696 0.06726562 0.01928714 0.05732353]]\n"
     ]
    }
   ],
   "source": [
    "# Mathematical operations\n",
    "\n",
    "print(arr + 10)\n",
    "print('\\n')\n",
    "print(arr - 10)\n",
    "print('\\n')\n",
    "print(arr * 10)\n",
    "print('\\n')\n",
    "print(arr / 10)"
   ]
  },
  {
   "cell_type": "code",
   "execution_count": 35,
   "metadata": {},
   "outputs": [
    {
     "name": "stdout",
     "output_type": "stream",
     "text": [
      "[[1.90350863 1.43349526 1.00430319 1.31194401 1.63310522]\n",
      " [1.03110963 2.2303424  2.4005638  2.58949418 1.02970833]\n",
      " [1.82438204 2.71213635 1.97876428 2.40559613 1.1408509 ]\n",
      " [1.53292355 1.34900922 1.55624706 1.25574439 1.43618902]\n",
      " [1.63157413 1.5715613  1.959435   1.21272689 1.77399711]]\n"
     ]
    }
   ],
   "source": [
    "# Exponentiation\n",
    "\n",
    "print(np.exp(arr))"
   ]
  },
  {
   "cell_type": "code",
   "execution_count": 36,
   "metadata": {},
   "outputs": [
    {
     "name": "stdout",
     "output_type": "stream",
     "text": [
      "[[-4.40524317e-01 -1.02132992e+00 -5.45054613e+00 -1.30375627e+00\n",
      "  -7.12364157e-01]\n",
      " [-3.48559460e+00 -2.20453279e-01 -1.32727571e-01 -4.97549410e-02\n",
      "  -3.53100134e+00]\n",
      " [-5.08758890e-01 -2.26592172e-03 -3.82032972e-01 -1.30339073e-01\n",
      "  -2.02666398e+00]\n",
      " [-8.50557458e-01 -1.20607363e+00 -8.15818464e-01 -1.47960099e+00\n",
      "  -1.01613015e+00]\n",
      " [-7.14278330e-01 -7.93919159e-01 -3.96520980e-01 -1.64573138e+00\n",
      "  -5.56459080e-01]]\n"
     ]
    }
   ],
   "source": [
    "# Natural logarithm\n",
    "\n",
    "print(np.log(arr))"
   ]
  },
  {
   "cell_type": "code",
   "execution_count": 37,
   "metadata": {},
   "outputs": [
    {
     "name": "stdout",
     "output_type": "stream",
     "text": [
      "[[-6.35542248e-01 -1.47346761e+00 -7.86347587e+00 -1.88092270e+00\n",
      "  -1.02772424e+00]\n",
      " [-5.02865004e+00 -3.18046852e-01 -1.91485409e-01 -7.17812067e-02\n",
      "  -5.09415812e+00]\n",
      " [-7.33983927e-01 -3.26903402e-03 -5.51157074e-01 -1.88039534e-01\n",
      "  -2.92385807e+00]\n",
      " [-1.22709503e+00 -1.73999645e+00 -1.17697725e+00 -2.13461301e+00\n",
      "  -1.46596593e+00]\n",
      " [-1.03048580e+00 -1.14538323e+00 -5.72058852e-01 -2.37428850e+00\n",
      "  -8.02800755e-01]]\n"
     ]
    }
   ],
   "source": [
    "# Base 2 logarithm\n",
    "\n",
    "print(np.log2(arr))"
   ]
  },
  {
   "cell_type": "code",
   "execution_count": 38,
   "metadata": {},
   "outputs": [
    {
     "name": "stdout",
     "output_type": "stream",
     "text": [
      "[[-1.91317280e-01 -4.43557947e-01 -2.36714211e+00 -5.66214152e-01\n",
      "  -3.09375822e-01]\n",
      " [-1.51377450e+00 -9.57416425e-02 -5.76428518e-02 -2.16082963e-02\n",
      "  -1.53349440e+00]\n",
      " [-2.20951178e-01 -9.84077298e-04 -1.65914812e-01 -5.66055400e-02\n",
      "  -8.80168983e-01]\n",
      " [-3.69392411e-01 -5.23791123e-01 -3.54305457e-01 -6.42582546e-01\n",
      "  -4.41299717e-01]\n",
      " [-3.10207137e-01 -3.44794710e-01 -1.72206874e-01 -7.14732058e-01\n",
      "  -2.41667108e-01]]\n"
     ]
    }
   ],
   "source": [
    "# Base 10 logarithm\n",
    "\n",
    "print(np.log10(arr))"
   ]
  },
  {
   "cell_type": "code",
   "execution_count": 39,
   "metadata": {},
   "outputs": [
    {
     "name": "stdout",
     "output_type": "stream",
     "text": [
      "[[0.60015817 0.35238251 0.00429395 0.26818644 0.47105222]\n",
      " [0.03063075 0.71885591 0.76799433 0.81426538 0.0292714 ]\n",
      " [0.56566655 0.84024593 0.63071369 0.76933384 0.13139336]\n",
      " [0.41430289 0.29491868 0.42799865 0.22576529 0.35413886]\n",
      " [0.47022462 0.43682815 0.62306575 0.19167789 0.54235298]]\n"
     ]
    }
   ],
   "source": [
    "# sin function\n",
    "\n",
    "print(np.sin(arr))"
   ]
  },
  {
   "cell_type": "code",
   "execution_count": 40,
   "metadata": {},
   "outputs": [
    {
     "name": "stdout",
     "output_type": "stream",
     "text": [
      "-0.8011526357338304\n"
     ]
    }
   ],
   "source": [
    "print(np.sin(180))"
   ]
  },
  {
   "cell_type": "code",
   "execution_count": 41,
   "metadata": {},
   "outputs": [
    {
     "name": "stdout",
     "output_type": "stream",
     "text": [
      "0.0\n"
     ]
    }
   ],
   "source": [
    "print(np.sin(0))"
   ]
  },
  {
   "cell_type": "code",
   "execution_count": 42,
   "metadata": {},
   "outputs": [
    {
     "name": "stdout",
     "output_type": "stream",
     "text": [
      "[[0.79988135 0.93585606 0.99999078 0.96336703 0.88210533]\n",
      " [0.99953077 0.69515911 0.64045664 0.5804928  0.9995715 ]\n",
      " [0.82463408 0.54220547 0.77601562 0.63884696 0.99133031]\n",
      " [0.91013906 0.95552236 0.90377937 0.97418173 0.93519285]\n",
      " [0.88254677 0.89954498 0.78216946 0.98145789 0.84015073]]\n"
     ]
    }
   ],
   "source": [
    "# cos function\n",
    "\n",
    "print(np.cos(arr))"
   ]
  },
  {
   "cell_type": "code",
   "execution_count": 43,
   "metadata": {},
   "outputs": [
    {
     "name": "stdout",
     "output_type": "stream",
     "text": [
      "[[0.64369883 0.3601157  0.00429396 0.27151001 0.49048325]\n",
      " [0.03063554 0.80215512 0.87570363 0.95146256 0.02927559]\n",
      " [0.60124132 0.99773664 0.68247255 0.87779774 0.13177439]\n",
      " [0.42717673 0.29937041 0.44227719 0.22772854 0.36199309]\n",
      " [0.48954527 0.45206959 0.67265616 0.19287145 0.57323525]]\n"
     ]
    }
   ],
   "source": [
    "print(arr)"
   ]
  },
  {
   "cell_type": "code",
   "execution_count": 44,
   "metadata": {},
   "outputs": [
    {
     "name": "stdout",
     "output_type": "stream",
     "text": [
      "[2.1922977  2.91144746 2.67740349 2.5213703  1.58676157]\n"
     ]
    }
   ],
   "source": [
    "# sum along the row\n",
    "print(np.sum(arr, axis=0))"
   ]
  },
  {
   "cell_type": "code",
   "execution_count": 45,
   "metadata": {},
   "outputs": [
    {
     "name": "stdout",
     "output_type": "stream",
     "text": [
      "[1.77010174 2.68923243 3.29102265 1.75854597 2.38037773]\n"
     ]
    }
   ],
   "source": [
    "# sum along the column\n",
    "print(np.sum(arr, axis=1))"
   ]
  },
  {
   "cell_type": "code",
   "execution_count": 46,
   "metadata": {},
   "outputs": [
    {
     "name": "stdout",
     "output_type": "stream",
     "text": [
      "0.00429395898861451\n"
     ]
    }
   ],
   "source": [
    "# minimum item value along the row\n",
    "print(np.min(arr))"
   ]
  },
  {
   "cell_type": "code",
   "execution_count": 47,
   "metadata": {},
   "outputs": [
    {
     "name": "stdout",
     "output_type": "stream",
     "text": [
      "0.9977366435465933\n"
     ]
    }
   ],
   "source": [
    "print(np.max(arr))"
   ]
  },
  {
   "cell_type": "code",
   "execution_count": 48,
   "metadata": {},
   "outputs": [
    {
     "name": "stdout",
     "output_type": "stream",
     "text": [
      "0.475571220591915\n"
     ]
    }
   ],
   "source": [
    "# calculate the overall mean\n",
    "\n",
    "print(np.mean(arr))"
   ]
  },
  {
   "cell_type": "code",
   "execution_count": 49,
   "metadata": {},
   "outputs": [
    {
     "name": "stdout",
     "output_type": "stream",
     "text": [
      "[0.43845954 0.58228949 0.5354807  0.50427406 0.31735231]\n"
     ]
    }
   ],
   "source": [
    "# calculate the mean along the row\n",
    "\n",
    "print(np.mean(arr, axis=0))"
   ]
  },
  {
   "cell_type": "code",
   "execution_count": 50,
   "metadata": {},
   "outputs": [
    {
     "name": "stdout",
     "output_type": "stream",
     "text": [
      "0.4520695865285794\n"
     ]
    }
   ],
   "source": [
    "# calculate the median\n",
    "print(np.median(arr))"
   ]
  },
  {
   "cell_type": "code",
   "execution_count": 51,
   "metadata": {},
   "outputs": [
    {
     "name": "stdout",
     "output_type": "stream",
     "text": [
      "0.2860109515708331\n"
     ]
    }
   ],
   "source": [
    "# calculate the standard deviation\n",
    "print(np.std(arr))"
   ]
  },
  {
   "cell_type": "code",
   "execution_count": 52,
   "metadata": {},
   "outputs": [
    {
     "name": "stdout",
     "output_type": "stream",
     "text": [
      "0.08180226441845344\n"
     ]
    }
   ],
   "source": [
    "# calculate the variance\n",
    "print(np.var(arr))"
   ]
  },
  {
   "cell_type": "code",
   "execution_count": 53,
   "metadata": {},
   "outputs": [
    {
     "name": "stdout",
     "output_type": "stream",
     "text": [
      "[[0.64369883 0.3601157  0.00429396 0.27151001 0.49048325]\n",
      " [0.03063554 0.80215512 0.87570363 0.95146256 0.02927559]\n",
      " [0.60124132 0.99773664 0.68247255 0.87779774 0.13177439]\n",
      " [0.42717673 0.29937041 0.44227719 0.22772854 0.36199309]\n",
      " [0.48954527 0.45206959 0.67265616 0.19287145 0.57323525]]\n",
      "\n",
      "\n",
      "[[0.87570363 0.95146256 0.02927559]\n",
      " [0.68247255 0.87779774 0.13177439]]\n"
     ]
    }
   ],
   "source": [
    "print(arr)\n",
    "print('\\n')\n",
    "print(arr[1:3, 2:5])"
   ]
  },
  {
   "cell_type": "code",
   "execution_count": 54,
   "metadata": {},
   "outputs": [
    {
     "name": "stdout",
     "output_type": "stream",
     "text": [
      "[[0.55594777 0.84174885 0.28846287 0.75377413 0.91492807]\n",
      " [0.46812092 0.71379497 0.06691855 0.07251317 0.92087481]\n",
      " [0.74164069 0.6305517  0.35558005 0.53333519 0.86155643]\n",
      " [0.61148081 0.44481802 0.30491522 0.82357112 0.25428774]\n",
      " [0.0626613  0.77978402 0.47889787 0.99549768 0.31905657]]\n"
     ]
    }
   ],
   "source": [
    "# Sort an array\n",
    "arr = np.random.rand(5,5)\n",
    "print(arr)"
   ]
  },
  {
   "cell_type": "code",
   "execution_count": 55,
   "metadata": {},
   "outputs": [
    {
     "name": "stdout",
     "output_type": "stream",
     "text": [
      "[[0.28846287 0.55594777 0.75377413 0.84174885 0.91492807]\n",
      " [0.06691855 0.07251317 0.46812092 0.71379497 0.92087481]\n",
      " [0.35558005 0.53333519 0.6305517  0.74164069 0.86155643]\n",
      " [0.25428774 0.30491522 0.44481802 0.61148081 0.82357112]\n",
      " [0.0626613  0.31905657 0.47889787 0.77978402 0.99549768]]\n"
     ]
    }
   ],
   "source": [
    "# sort along the column\n",
    "\n",
    "print(np.sort(arr, axis=1))"
   ]
  },
  {
   "cell_type": "code",
   "execution_count": 56,
   "metadata": {},
   "outputs": [
    {
     "name": "stdout",
     "output_type": "stream",
     "text": [
      "[[0.55594777 0.84174885 0.28846287 0.75377413 0.91492807]\n",
      " [0.46812092 0.71379497 0.06691855 0.07251317 0.92087481]\n",
      " [0.74164069 0.6305517  0.35558005 0.53333519 0.86155643]\n",
      " [0.61148081 0.44481802 0.30491522 0.82357112 0.25428774]\n",
      " [0.0626613  0.77978402 0.47889787 0.99549768 0.31905657]]\n",
      "\n",
      "\n",
      "[[0.55594777 0.46812092 0.74164069 0.61148081 0.0626613 ]\n",
      " [0.84174885 0.71379497 0.6305517  0.44481802 0.77978402]\n",
      " [0.28846287 0.06691855 0.35558005 0.30491522 0.47889787]\n",
      " [0.75377413 0.07251317 0.53333519 0.82357112 0.99549768]\n",
      " [0.91492807 0.92087481 0.86155643 0.25428774 0.31905657]]\n"
     ]
    }
   ],
   "source": [
    "# Transpose an array\n",
    "print(arr)\n",
    "print('\\n')\n",
    "print(arr.T)"
   ]
  },
  {
   "cell_type": "code",
   "execution_count": 57,
   "metadata": {},
   "outputs": [
    {
     "name": "stdout",
     "output_type": "stream",
     "text": [
      "[[0.55594777 0.46812092 0.74164069 0.61148081 0.0626613 ]\n",
      " [0.84174885 0.71379497 0.6305517  0.44481802 0.77978402]\n",
      " [0.28846287 0.06691855 0.35558005 0.30491522 0.47889787]\n",
      " [0.75377413 0.07251317 0.53333519 0.82357112 0.99549768]\n",
      " [0.91492807 0.92087481 0.86155643 0.25428774 0.31905657]]\n"
     ]
    }
   ],
   "source": [
    "print(arr.transpose())"
   ]
  },
  {
   "cell_type": "code",
   "execution_count": 58,
   "metadata": {},
   "outputs": [
    {
     "name": "stdout",
     "output_type": "stream",
     "text": [
      "[[0.55594777 0.84174885 0.28846287 0.75377413 0.91492807]\n",
      " [0.46812092 0.71379497 0.06691855 0.07251317 0.92087481]\n",
      " [0.74164069 0.6305517  0.35558005 0.53333519 0.86155643]\n",
      " [0.61148081 0.44481802 0.30491522 0.82357112 0.25428774]\n",
      " [0.0626613  0.77978402 0.47889787 0.99549768 0.31905657]]\n",
      "\n",
      "\n",
      "[0.55594777 0.84174885 0.28846287 0.75377413 0.91492807 0.46812092\n",
      " 0.71379497 0.06691855 0.07251317 0.92087481 0.74164069 0.6305517\n",
      " 0.35558005 0.53333519 0.86155643 0.61148081 0.44481802 0.30491522\n",
      " 0.82357112 0.25428774 0.0626613  0.77978402 0.47889787 0.99549768\n",
      " 0.31905657]\n"
     ]
    }
   ],
   "source": [
    "# Flatten the 2D array\n",
    "\n",
    "print(arr)\n",
    "print('\\n')\n",
    "print(arr.flatten())"
   ]
  },
  {
   "cell_type": "code",
   "execution_count": 59,
   "metadata": {
    "collapsed": true
   },
   "outputs": [],
   "source": [
    "# Append elements to an array\n",
    "\n",
    "arr = np.array([4,5,6,7])"
   ]
  },
  {
   "cell_type": "code",
   "execution_count": 60,
   "metadata": {},
   "outputs": [
    {
     "data": {
      "text/plain": [
       "array([4, 5, 6, 7, 8])"
      ]
     },
     "execution_count": 60,
     "metadata": {},
     "output_type": "execute_result"
    }
   ],
   "source": [
    "arr1 = np.append(arr, 8)\n",
    "arr1"
   ]
  },
  {
   "cell_type": "code",
   "execution_count": 61,
   "metadata": {},
   "outputs": [
    {
     "name": "stdout",
     "output_type": "stream",
     "text": [
      "[ 4  5  6  7  9 10 11]\n"
     ]
    }
   ],
   "source": [
    "arr2 = np.append(arr, [9,10,11])\n",
    "print(arr2)"
   ]
  },
  {
   "cell_type": "code",
   "execution_count": 62,
   "metadata": {},
   "outputs": [
    {
     "name": "stdout",
     "output_type": "stream",
     "text": [
      "[12 13 14  4  5  6  7]\n"
     ]
    }
   ],
   "source": [
    "# Insert elements to an array\n",
    "\n",
    "arr3 = np.insert(arr, 0, [12,13,14])\n",
    "print(arr3)"
   ]
  },
  {
   "cell_type": "code",
   "execution_count": 63,
   "metadata": {},
   "outputs": [
    {
     "name": "stdout",
     "output_type": "stream",
     "text": [
      "[4 5 6 7]\n",
      "\n",
      "\n",
      "[5 6 7]\n"
     ]
    }
   ],
   "source": [
    "# Remove elements from an array\n",
    "\n",
    "print(arr)\n",
    "print('\\n')\n",
    "arr4 = np.delete(arr, 0)\n",
    "print(arr4)"
   ]
  },
  {
   "cell_type": "code",
   "execution_count": 64,
   "metadata": {},
   "outputs": [
    {
     "name": "stdout",
     "output_type": "stream",
     "text": [
      "[ 4  5  6  7  9 10 11]\n",
      "\n",
      "\n",
      "[ 4  6  7 10 11]\n"
     ]
    }
   ],
   "source": [
    "# Delete multiple elements\n",
    "\n",
    "print(arr2)\n",
    "print('\\n')\n",
    "arr5 = np.delete(arr2, [1,4])\n",
    "print(arr5)"
   ]
  },
  {
   "cell_type": "code",
   "execution_count": 65,
   "metadata": {},
   "outputs": [
    {
     "data": {
      "text/plain": [
       "array([10, 13, 16, 19, 22, 25, 28, 31, 34, 37])"
      ]
     },
     "execution_count": 65,
     "metadata": {},
     "output_type": "execute_result"
    }
   ],
   "source": [
    "# Copy elements from an array\n",
    "\n",
    "arr1 = np.arange(10, 40, 3)\n",
    "arr1"
   ]
  },
  {
   "cell_type": "code",
   "execution_count": 66,
   "metadata": {},
   "outputs": [
    {
     "data": {
      "text/plain": [
       "array([10, 13, 16, 19, 22, 25, 28, 31, 34, 37])"
      ]
     },
     "execution_count": 66,
     "metadata": {},
     "output_type": "execute_result"
    }
   ],
   "source": [
    "arr_copy = np.copy(arr1)\n",
    "arr_copy"
   ]
  },
  {
   "cell_type": "code",
   "execution_count": 67,
   "metadata": {},
   "outputs": [
    {
     "name": "stdout",
     "output_type": "stream",
     "text": [
      "[10 13 16 19 22 25 28 31 34 37]\n"
     ]
    }
   ],
   "source": [
    "arr_copy = arr1.copy()\n",
    "print(arr_copy)"
   ]
  },
  {
   "cell_type": "code",
   "execution_count": 68,
   "metadata": {
    "collapsed": true
   },
   "outputs": [],
   "source": [
    "# Combine and split an array\n",
    "\n",
    "arr1 = np.array([[1,2,3,4], [1,2,3,4]])\n",
    "arr2 = np.array([[5,6,7,8], [5,6,7,8]])"
   ]
  },
  {
   "cell_type": "code",
   "execution_count": 69,
   "metadata": {},
   "outputs": [
    {
     "name": "stdout",
     "output_type": "stream",
     "text": [
      "[[1 2 3 4]\n",
      " [1 2 3 4]\n",
      " [5 6 7 8]\n",
      " [5 6 7 8]]\n"
     ]
    }
   ],
   "source": [
    "# Combine the array items by row\n",
    "\n",
    "cat = np.concatenate((arr1,arr2), axis=0)\n",
    "print(cat)"
   ]
  },
  {
   "cell_type": "code",
   "execution_count": 70,
   "metadata": {},
   "outputs": [
    {
     "name": "stdout",
     "output_type": "stream",
     "text": [
      "[[1 2 3 4 5 6 7 8]\n",
      " [1 2 3 4 5 6 7 8]]\n"
     ]
    }
   ],
   "source": [
    "# Combine array items by column\n",
    "\n",
    "cat = np. concatenate((arr1, arr2), axis=1)\n",
    "print(cat)"
   ]
  },
  {
   "cell_type": "code",
   "execution_count": 71,
   "metadata": {},
   "outputs": [
    {
     "name": "stdout",
     "output_type": "stream",
     "text": [
      "[[1 2 3 4]\n",
      " [1 2 3 4]\n",
      " [5 6 7 8]\n",
      " [5 6 7 8]]\n"
     ]
    }
   ],
   "source": [
    "# stack arrays vertically\n",
    "cat = np.vstack((arr1, arr2))\n",
    "print(cat)"
   ]
  },
  {
   "cell_type": "code",
   "execution_count": 72,
   "metadata": {},
   "outputs": [
    {
     "name": "stdout",
     "output_type": "stream",
     "text": [
      "[[1 2 3 4 5 6 7 8]\n",
      " [1 2 3 4 5 6 7 8]]\n"
     ]
    }
   ],
   "source": [
    "# Stack arrays horizontally\n",
    "cat = np.hstack((arr1, arr2))\n",
    "print(cat)"
   ]
  },
  {
   "cell_type": "code",
   "execution_count": 73,
   "metadata": {},
   "outputs": [
    {
     "name": "stdout",
     "output_type": "stream",
     "text": [
      "[1 2 3 4 5 6]\n"
     ]
    }
   ],
   "source": [
    "# Set operations\n",
    "\n",
    "# Find elements from an array\n",
    "arr = np.array([1,2,3,4,5,6,3,6,1,2,4])\n",
    "print(np.unique(arr))"
   ]
  },
  {
   "cell_type": "code",
   "execution_count": 74,
   "metadata": {},
   "outputs": [
    {
     "name": "stdout",
     "output_type": "stream",
     "text": [
      "[1 2 3 4 5 6]\n",
      "[2 2 2 1 1 1]\n"
     ]
    }
   ],
   "source": [
    "# return the number of times each unique item appears\n",
    "arr = np.array([1,1,2,2,3,3,4,5,6])\n",
    "uniques, counts = np.unique(arr, return_counts=True)\n",
    "print(uniques)\n",
    "print(counts)"
   ]
  },
  {
   "cell_type": "code",
   "execution_count": 75,
   "metadata": {
    "collapsed": true
   },
   "outputs": [],
   "source": [
    "# Intersection of 2 array elements\n",
    "\n",
    "arr1 = np.array([1,2,3,4,5])\n",
    "arr2 = np.array([3,4,5,6,7])"
   ]
  },
  {
   "cell_type": "code",
   "execution_count": 76,
   "metadata": {},
   "outputs": [
    {
     "name": "stdout",
     "output_type": "stream",
     "text": [
      "[3 4 5]\n"
     ]
    }
   ],
   "source": [
    "print(np.intersect1d(arr1, arr2))"
   ]
  },
  {
   "cell_type": "code",
   "execution_count": 77,
   "metadata": {},
   "outputs": [
    {
     "name": "stdout",
     "output_type": "stream",
     "text": [
      "[1 2 3 4 5 6 7]\n"
     ]
    }
   ],
   "source": [
    "# Union of 2 array elements\n",
    "\n",
    "print(np.union1d(arr1, arr2))"
   ]
  },
  {
   "cell_type": "code",
   "execution_count": 78,
   "metadata": {},
   "outputs": [
    {
     "name": "stdout",
     "output_type": "stream",
     "text": [
      "[1 2]\n",
      "[6 7]\n"
     ]
    }
   ],
   "source": [
    "# Elements present in first array but not in the second array\n",
    "print(np.setdiff1d(arr1, arr2))\n",
    "print(np.setdiff1d(arr2, arr1))"
   ]
  },
  {
   "cell_type": "code",
   "execution_count": 79,
   "metadata": {},
   "outputs": [
    {
     "name": "stdout",
     "output_type": "stream",
     "text": [
      "[1 2 6 7]\n"
     ]
    }
   ],
   "source": [
    "# Elements present in either of the arrays but not both\n",
    "\n",
    "print(np.setxor1d(arr1, arr2))"
   ]
  },
  {
   "cell_type": "code",
   "execution_count": null,
   "metadata": {
    "collapsed": true
   },
   "outputs": [],
   "source": []
  }
 ],
 "metadata": {
  "kernelspec": {
   "display_name": "Python 3",
   "language": "python",
   "name": "python3"
  },
  "language_info": {
   "codemirror_mode": {
    "name": "ipython",
    "version": 3
   },
   "file_extension": ".py",
   "mimetype": "text/x-python",
   "name": "python",
   "nbconvert_exporter": "python",
   "pygments_lexer": "ipython3",
   "version": "3.12.3"
  }
 },
 "nbformat": 4,
 "nbformat_minor": 2
}
